550 400
549 400
549 400
549 400
549 400
549 400
549 400
549 401
549 401
549 401
549 401
549 401
549 401
549 401
549 402
549 402
549 402
549 402
549 402
549 402
549 402
549 403
549 403
549 403
549 403
549 403
549 403
549 404
549 404
549 404
549 404
549 404
549 404
549 404
549 405
549 405
549 405
549 405
549 405
549 405
549 405
549 406
549 406
549 406
549 406
549 406
549 406
549 407
549 407
549 407
549 407
549 407
549 407
549 407
549 408
549 408
549 408
549 408
549 408
549 408
549 408
549 409
549 409
549 409
549 409
549 409
549 409
549 410
549 410
549 410
549 410
549 410
549 410
549 410
549 411
549 411
549 411
549 411
549 411
549 411
549 411
549 412
549 412
549 412
549 412
549 412
549 412
549 413
549 413
549 413
549 413
549 413
549 413
549 413
549 414
549 414
549 414
549 414
549 414
549 414
549 414
549 415
549 415
549 415
549 415
549 415
549 415
549 416
549 416
549 416
549 416
549 416
549 416
549 416
549 417
549 417
548 417
548 417
548 417
548 417
548 417
548 418
548 418
548 418
548 418
548 418
548 418
548 418
548 419
548 419
548 419
548 419
548 419
548 419
548 420
548 420
548 420
548 420
548 420
548 420
548 420
548 421
548 421
548 421
548 421
548 421
548 421
548 421
548 422
548 422
548 422
548 422
548 422
548 422
548 423
548 423
548 423
548 423
548 423
548 423
548 423
548 424
548 424
548 424
547 424
547 424
547 424
547 424
547 425
547 425
547 425
547 425
547 425
547 425
547 425
547 426
547 426
547 426
547 426
547 426
547 426
547 427
547 427
547 427
547 427
547 427
547 427
547 427
547 428
547 428
547 428
547 428
547 428
547 428
547 428
547 429
547 429
547 429
547 429
547 429
547 429
546 429
546 430
546 430
546 430
546 430
546 430
546 430
546 430
546 431
546 431
546 431
546 431
546 431
546 431
546 432
546 432
546 432
546 432
546 432
546 432
546 432
546 433
546 433
546 433
546 433
546 433
546 433
546 433
546 434
546 434
546 434
545 434
545 434
545 434
545 434
545 435
545 435
545 435
545 435
545 435
545 435
545 435
545 436
545 436
545 436
545 436
545 436
545 436
545 436
545 437
545 437
545 437
545 437
545 437
545 437
545 437
545 438
545 438
544 438
544 438
544 438
544 438
544 438
544 439
544 439
544 439
544 439
544 439
544 439
544 440
544 440
544 440
544 440
544 440
544 440
544 440
544 441
544 441
544 441
544 441
544 441
544 441
544 441
543 442
543 442
543 442
543 442
543 442
543 442
543 442
543 443
543 443
543 443
543 443
543 443
543 443
543 443
543 444
543 444
543 444
543 444
543 444
543 444
543 444
543 445
543 445
542 445
542 445
542 445
542 445
542 445
542 446
542 446
542 446
542 446
542 446
542 446
542 446
542 447
542 447
542 447
542 447
542 447
542 447
542 447
542 448
542 448
542 448
541 448
541 448
541 448
541 448
541 449
541 449
541 449
541 449
541 449
541 449
541 449
541 450
541 450
541 450
541 450
541 450
541 450
541 450
541 451
541 451
540 451
540 451
540 451
540 451
540 451
540 451
540 452
540 452
540 452
540 452
540 452
540 452
540 452
540 453
540 453
540 453
540 453
540 453
540 453
539 453
539 454
539 454
539 454
539 454
539 454
539 454
539 454
539 455
539 455
539 455
539 455
539 455
539 455
539 455
539 456
539 456
539 456
538 456
538 456
538 456
538 456
538 457
538 457
538 457
538 457
538 457
538 457
538 457
538 457
538 458
538 458
538 458
538 458
538 458
537 458
537 458
537 459
537 459
537 459
537 459
537 459
537 459
537 459
537 460
537 460
537 460
537 460
537 460
537 460
537 460
537 461
536 461
536 461
536 461
536 461
536 461
536 461
536 461
536 462
536 462
536 462
536 462
536 462
536 462
536 462
536 463
536 463
535 463
535 463
535 463
535 463
535 463
535 464
535 464
535 464
535 464
535 464
535 464
535 464
535 464
535 465
535 465
535 465
534 465
534 465
534 465
534 465
534 466
534 466
534 466
534 466
534 466
534 466
534 466
534 466
534 467
534 467
534 467
533 467
533 467
533 467
533 467
533 468
533 468
533 468
533 468
533 468
533 468
533 468
533 469
533 469
533 469
532 469
532 469
532 469
532 469
532 469
532 470
532 470
532 470
532 470
532 470
532 470
532 470
532 470
532 471
531 471
531 471
531 471
531 471
531 471
531 471
531 472
531 472
531 472
531 472
531 472
531 472
531 472
531 472
530 473
530 473
530 473
530 473
530 473
530 473
530 473
530 474
530 474
530 474
530 474
530 474
530 474
530 474
529 474
529 475
529 475
529 475
529 475
529 475
529 475
529 475
529 475
529 476
529 476
529 476
529 476
528 476
528 476
528 476
528 476
528 477
528 477
528 477
528 477
528 477
528 477
528 477
528 478
528 478
527 478
527 478
527 478
527 478
527 478
527 478
527 479
527 479
527 479
527 479
527 479
527 479
527 479
526 479
526 480
526 480
526 480
526 480
526 480
526 480
526 480
526 480
526 481
526 481
526 481
525 481
525 481
525 481
525 481
525 481
525 482
525 482
525 482
525 482
525 482
525 482
525 482
524 482
524 483
524 483
524 483
524 483
524 483
524 483
524 483
524 483
524 484
524 484
524 484
523 484
523 484
523 484
523 484
523 484
523 485
523 485
523 485
523 485
523 485
523 485
523 485
522 485
522 486
522 486
522 486
522 486
522 486
522 486
522 486
522 486
522 487
522 487
521 487
521 487
521 487
521 487
521 487
521 487
521 488
700 400
699 400
699 400
699 400
699 401
699 401
699 401
699 402
699 402
699 402
699 402
699 403
699 403
699 403
699 404
699 404
699 404
699 405
699 405
699 405
699 405
699 406
699 406
699 406
699 407
699 407
699 407
699 408
699 408
699 408
699 408
699 409
699 409
699 409
699 410
699 410
699 410
699 411
699 411
699 411
699 411
699 412
699 412
699 412
699 413
699 413
699 413
699 414
699 414
699 414
699 414
699 415
699 415
699 415
699 416
699 416
699 416
699 417
699 417
699 417
699 417
699 418
699 418
699 418
699 419
699 419
699 419
699 420
699 420
699 420
699 420
699 421
699 421
699 421
699 422
699 422
699 422
699 423
699 423
699 423
699 423
699 424
698 424
698 424
698 425
698 425
698 425
698 426
698 426
698 426
698 426
698 427
698 427
698 427
698 428
698 428
698 428
698 429
698 429
698 429
698 429
698 430
698 430
698 430
698 431
698 431
698 431
698 432
698 432
698 432
698 432
698 433
698 433
698 433
698 434
698 434
697 434
697 435
697 435
697 435
697 435
697 436
697 436
697 436
697 437
697 437
697 437
697 437
697 438
697 438
697 438
697 439
697 439
697 439
697 440
697 440
697 440
697 440
697 441
697 441
697 441
697 442
696 442
696 442
696 443
696 443
696 443
696 443
696 444
696 444
696 444
696 445
696 445
696 445
696 446
696 446
696 446
696 446
696 447
696 447
696 447
696 448
696 448
696 448
695 448
695 449
695 449
695 449
695 450
695 450
695 450
695 451
695 451
695 451
695 451
695 452
695 452
695 452
695 453
695 453
695 453
695 454
695 454
694 454
694 454
694 455
694 455
694 455
694 456
694 456
694 456
694 456
694 457
694 457
694 457
694 458
694 458
694 458
694 459
694 459
694 459
693 459
693 460
693 460
693 460
693 461
693 461
693 461
693 461
693 462
693 462
693 462
693 463
693 463
693 463
693 464
693 464
692 464
692 464
692 465
692 465
692 465
692 466
692 466
692 466
692 466
692 467
692 467
692 467
692 468
692 468
692 468
691 468
691 469
691 469
691 469
691 470
691 470
691 470
691 471
691 471
691 471
691 471
691 472
691 472
691 472
690 473
690 473
690 473
690 473
690 474
690 474
690 474
690 475
690 475
690 475
690 475
690 476
690 476
689 476
689 477
689 477
689 477
689 477
689 478
689 478
689 478
689 479
689 479
689 479
689 480
689 480
688 480
688 480
688 481
688 481
688 481
688 482
688 482
688 482
688 482
688 483
688 483
688 483
687 484
687 484
687 484
687 484
687 485
687 485
687 485
687 486
687 486
687 486
687 486
687 487
686 487
686 487
686 488
686 488
686 488
686 488
686 489
686 489
686 489
686 490
686 490
685 490
685 490
685 491
685 491
685 491
685 492
685 492
685 492
685 492
685 493
685 493
684 493
684 494
684 494
684 494
684 494
684 495
684 495
684 495
684 496
684 496
684 496
683 496
683 497
683 497
683 497
683 498
683 498
683 498
683 498
683 499
683 499
682 499
682 500
682 500
682 500
682 500
682 501
682 501
682 501
682 502
682 502
681 502
681 502
681 503
681 503
681 503
681 503
681 504
681 504
681 504
680 505
680 505
680 505
680 505
680 506
680 506
680 506
680 507
680 507
680 507
679 507
679 508
679 508
679 508
679 509
679 509
679 509
679 509
679 510
678 510
678 510
678 510
678 511
678 511
678 511
678 512
678 512
678 512
677 512
677 513
677 513
677 513
677 514
677 514
677 514
677 514
677 515
676 515
676 515
676 515
676 516
676 516
676 516
676 517
676 517
675 517
675 517
675 518
675 518
675 518
675 519
675 519
675 519
675 519
674 520
674 520
674 520
674 520
674 521
674 521
674 521
674 522
673 522
673 522
673 522
673 523
673 523
673 523
673 523
673 524
672 524
672 524
672 525
672 525
672 525
672 525
672 526
672 526
671 526
671 526
671 527
671 527
671 527
671 528
671 528
671 528
670 528
670 529
670 529
670 529
670 529
670 530
670 530
670 530
669 531
669 531
669 531
669 531
669 532
669 532
669 532
668 532
668 533
668 533
668 533
668 533
668 534
668 534
668 534
667 535
667 535
667 535
667 535
667 536
667 536
667 536
666 536
666 537
666 537
666 537
666 538
666 538
666 538
665 538
665 539
665 539
665 539
665 539
665 540
665 540
664 540
664 540
664 541
664 541
664 541
664 541
664 542
663 542
663 542
663 543
663 543
663 543
663 543
663 544
662 544
662 544
662 544
662 545
662 545
662 545
662 545
661 546
661 546
661 546
661 546
661 547
661 547
661 547
660 548
660 548
660 548
660 548
660 549
660 549
660 549
659 549
659 550
659 550
659 550
659 550
659 551
658 551
658 551
658 551
658 552
658 552
658 552
658 552
657 553
657 553
657 553
657 553
657 554
657 554
657 554
656 555
656 555
656 555
656 555
656 556
656 556
655 556
655 556
655 557
655 557
655 557
655 557
654 558
654 558
654 558
654 558
654 559
654 559
654 559
653 559
653 560
653 560
653 560
653 560
653 561
652 561
652 561
652 561
652 562
652 562
652 562
651 562
651 563
651 563
651 563
651 563
651 564
650 564
650 564
650 564
650 565
650 565
650 565
649 565
649 566
649 566
649 566
649 566
649 567
648 567
648 567
648 567
648 568
648 568
648 568
647 568
647 569
647 569
647 569
647 569
647 570
646 570
646 570
646 570
646 571
646 571
646 571
645 571
645 572
645 572
645 572
645 572
645 573
644 573
644 573
644 573
644 574
644 574
643 574
643 574
643 575
643 575
643 575
643 575
642 576
