300 0
0 300
300 5
5 300
300 10
10 300
300 15
15 300
300 20
20 300
300 25
25 300
300 30
30 300
300 35
35 300
300 40
40 300
300 45
45 300
300 50
50 300
300 55
55 300
300 60
60 300
300 65
65 300
300 70
70 300
300 75
75 300
300 80
80 300
300 85
85 300
300 90
90 300
300 95
95 300
300 100
100 300
300 105
105 300
300 110
110 300
300 115
115 300
300 120
120 300
300 125
125 300
300 130
130 300
300 135
135 300
300 140
140 300
300 145
145 300
300 150
150 300
300 155
155 300
300 160
160 300
300 165
165 300
300 170
170 300
300 175
175 300
300 180
180 300
300 185
185 300
300 190
190 300
300 195
195 300
300 200
200 300
300 205
205 300
300 210
210 300
300 215
215 300
300 220
220 300
300 225
225 300
300 230
230 300
300 235
235 300
300 240
240 300
300 245
245 300
300 250
250 300
300 255
255 300
300 260
260 300
300 265
265 300
300 270
270 300
300 275
275 300
300 280
280 300
300 285
285 300
300 290
290 300
300 295
295 300
300 300
500 0
0 500
500 5
5 500
500 10
10 500
500 15
15 500
500 20
20 500
500 25
25 500
500 30
30 500
500 35
35 500
500 40
40 500
500 45
45 500
500 50
50 500
500 55
55 500
500 60
60 500
500 65
65 500
500 70
70 500
500 75
75 500
500 80
80 500
500 85
85 500
500 90
90 500
500 95
95 500
500 100
100 500
500 105
105 500
500 110
110 500
500 115
115 500
500 120
120 500
500 125
125 500
500 130
130 500
500 135
135 500
500 140
140 500
500 145
145 500
500 150
150 500
500 155
155 500
500 160
160 500
500 165
165 500
500 170
170 500
500 175
175 500
500 180
180 500
500 185
185 500
500 190
190 500
500 195
195 500
500 200
200 500
500 205
205 500
500 210
210 500
500 215
215 500
500 220
220 500
500 225
225 500
500 230
230 500
500 235
235 500
500 240
240 500
500 245
245 500
500 250
250 500
500 255
255 500
500 260
260 500
500 265
265 500
500 270
270 500
500 275
275 500
500 280
280 500
500 285
285 500
500 290
290 500
500 295
295 500
500 300
300 500
500 305
305 500
500 310
310 500
500 315
315 500
500 320
320 500
500 325
325 500
500 330
330 500
500 335
335 500
500 340
340 500
500 345
345 500
500 350
350 500
500 355
355 500
500 360
360 500
500 365
365 500
500 370
370 500
500 375
375 500
500 380
380 500
500 385
385 500
500 390
390 500
500 395
395 500
500 400
400 500
500 405
405 500
500 410
410 500
500 415
415 500
500 420
420 500
500 425
425 500
500 430
430 500
500 435
435 500
500 440
440 500
500 445
445 500
500 450
450 500
500 455
455 500
500 460
460 500
500 465
465 500
500 470
470 500
500 475
475 500
500 480
480 500
500 485
485 500
500 490
490 500
500 495
495 500
500 500
1 300
300 1
1 305
305 1
1 310
310 1
1 315
315 1
1 320
320 1
1 325
325 1
1 330
330 1
1 335
335 1
1 340
340 1
1 345
345 1
1 350
350 1
1 355
355 1
1 360
360 1
1 365
365 1
1 370
370 1
1 375
375 1
1 380
380 1
1 385
385 1
1 390
390 1
1 395
395 1
1 400
400 1
1 405
405 1
1 410
410 1
1 415
415 1
1 420
420 1
1 425
425 1
1 430
430 1
1 435
435 1
1 440
440 1
1 445
445 1
1 450
450 1
1 455
455 1
1 460
460 1
1 465
465 1
1 470
470 1
1 475
475 1
1 480
480 1
1 485
485 1
1 490
490 1
1 495
495 1
