800 400
795 400
790 400
785 400
780 400
775 400
770 400
765 400
760 400
755 400
750 400
745 400
740 400
735 400
730 400
725 400
720 400
715 400
710 400
705 400
700 400
695 400
690 400
685 400
680 400
675 400
670 400
665 400
660 400
655 400
650 400
645 400
640 400
635 400
630 400
625 400
620 400
615 400
610 400
605 400
600 400
595 400
590 400
585 400
580 400
575 400
570 400
565 400
560 400
555 400
550 400
545 400
540 400
535 400
530 400
525 400
520 400
515 400
510 400
505 400
500 400
495 400
490 400
485 400
480 400
475 400
470 400
465 400
460 400
455 400
450 400
445 400
440 400
435 400
430 400
425 400
420 400
415 400
410 400
405 400
400 400
395 400
390 400
385 400
380 400
375 400
370 400
365 400
360 400
355 400
350 400
345 400
340 400
335 400
330 400
325 400
320 400
315 400
310 400
305 400
300 400
295 400
290 400
285 400
280 400
275 400
270 400
265 400
260 400
255 400
250 400
245 400
240 400
235 400
230 400
225 400
220 400
215 400
210 400
205 400
200 400
195 400
190 400
185 400
180 400
175 400
170 400
165 400
160 400
155 400
150 400
145 400
140 400
135 400
130 400
125 400
120 400
115 400
110 400
105 400
100 400
95 400
90 400
85 400
80 400
75 400
70 400
65 400
60 400
55 400
50 400
45 400
40 400
35 400
30 400
25 400
20 400
15 400
10 400
5 400
800 200
795 200
790 200
785 200
780 200
775 200
770 200
765 200
760 200
755 200
750 200
745 200
740 200
735 200
730 200
725 200
720 200
715 200
710 200
705 200
700 200
695 200
690 200
685 200
680 200
675 200
670 200
665 200
660 200
655 200
650 200
645 200
640 200
635 200
630 200
625 200
620 200
615 200
610 200
605 200
600 200
595 200
590 200
585 200
580 200
575 200
570 200
565 200
560 200
555 200
550 200
545 200
540 200
535 200
530 200
525 200
520 200
515 200
510 200
505 200
500 200
495 200
490 200
485 200
480 200
475 200
470 200
465 200
460 200
455 200
450 200
445 200
440 200
435 200
430 200
425 200
420 200
415 200
410 200
405 200
400 200
395 200
390 200
385 200
380 200
375 200
370 200
365 200
360 200
355 200
350 200
345 200
340 200
335 200
330 200
325 200
320 200
315 200
310 200
305 200
300 200
295 200
290 200
285 200
280 200
275 200
270 200
265 200
260 200
255 200
250 200
245 200
240 200
235 200
230 200
225 200
220 200
215 200
210 200
205 200
200 200
195 200
190 200
185 200
180 200
175 200
170 200
165 200
160 200
155 200
150 200
145 200
140 200
135 200
130 200
125 200
120 200
115 200
110 200
105 200
100 200
95 200
90 200
85 200
80 200
75 200
70 200
65 200
60 200
55 200
50 200
45 200
40 200
35 200
30 200
25 200
20 200
15 200
10 200
5 200
800 200
800 201
800 202
800 203
800 204
800 205
800 206
800 207
800 208
800 209
800 210
800 211
800 212
800 213
800 214
800 215
800 216
800 217
800 218
800 219
800 220
800 221
800 222
800 223
800 224
800 225
800 226
800 227
800 228
800 229
800 230
800 231
800 232
800 233
800 234
800 235
800 236
800 237
800 238
800 239
800 240
800 241
800 242
800 243
800 244
800 245
800 246
800 247
800 248
800 249
800 250
800 251
800 252
800 253
800 254
800 255
800 256
800 257
800 258
800 259
800 260
800 261
800 262
800 263
800 264
800 265
800 266
800 267
800 268
800 269
800 270
800 271
800 272
800 273
800 274
800 275
800 276
800 277
800 278
800 279
800 280
800 281
800 282
800 283
800 284
800 285
800 286
800 287
800 288
800 289
800 290
800 291
800 292
800 293
800 294
800 295
800 296
800 297
800 298
800 299
800 300
800 301
800 302
800 303
800 304
800 305
800 306
800 307
800 308
800 309
800 310
800 311
800 312
800 313
800 314
800 315
800 316
800 317
800 318
800 319
800 320
800 321
800 322
800 323
800 324
800 325
800 326
800 327
800 328
800 329
800 330
800 331
800 332
800 333
800 334
800 335
800 336
800 337
800 338
800 339
800 340
800 341
800 342
800 343
800 344
800 345
800 346
800 347
800 348
800 349
800 350
800 351
800 352
800 353
800 354
800 355
800 356
800 357
800 358
800 359
800 360
800 361
800 362
800 363
800 364
800 365
800 366
800 367
800 368
800 369
800 370
800 371
800 372
800 373
800 374
800 375
800 376
800 377
800 378
800 379
800 380
800 381
800 382
800 383
800 384
800 385
800 386
800 387
800 388
800 389
800 390
800 391
800 392
800 393
800 394
800 395
800 396
800 397
800 398
800 399
